1201835426
1201834209
788526515
955170369
955171196
540956765
540968236
540968856
540969103
540969880
540979536
637507065
637507108
143038430
143039704
143039854
143040002
143040096
143040833
143042344
143047306
143113192
143113649
143114544
152653580
14060474
14905033
25585343
148868763
148912722
211033236
213817578
870234729
267873799
269252613
276048421
11049126
19405786
123432740
900852843
900891146
18387284
63229618
63455942
63461908
87796284
34766881
53789049
69960691
9697298
4482009
674983444
1252375644
1252597445
1299332979
1313498286
562309775
73558564
92501656
6209599
6422933
6865932
7530246
9825050
10977258
14161671
19612564
21379652
24749389
25195914
39806919
45613682
45613933
58698266
176494548
176495052
176495266
297459866
297459964
1114628308
687470030
195133509
693601462
75599955
340095528
16600535
18270052
18270130
40506494
292219804
531478218
18272623
28870740
556871395
814672163
18272225
18272247
1130335157
18272426
18383813
18419959
18433238
82581307
412009783
461380534
49489733
54754872
877533088
351236586
833091501
261810105
367598682
274248960
457358764
457372756
1240370348
438898056
439098624
14216745
17567151
29483736
1138801272
351236561
490155327
533584319
91446969
178386358
216130484
240593844
783769513
867268320
783768788
783769136
882548601
886324454
886324928
887555811
783768841
316665070
728051928
728178569
728178749
8275443
130118957
130119351
130119880
130119980
130122741
130122840
783769348
882548653
885727821
886324505
886324941
887555905
783768729
433205391
433338455
640261733
714454727
837738809
845739134
783768978
20341839
246385852
733418460
810099216
972987427
973043713
980378951
1015635149
1015652476
1095131191
1095132135
1095135512
1159296575
868811281
1231448
159845560
49921989
53283999
53484348
53674720
69603651
69976051
70213846
32047993
32048840
32048988
70523832
101416449
249951213
468627604
407313512
407313532
794720107
81704397
127326401
271546821
271547084
435388340
752643468
81415144
82976266
17579392
351236367
1201835010
77737779
102448986
118331490
162454123
162454228
165374539
165374582
262229089
77512724
156413821
316359659
316395219
316419720
7040047
8149465
8151262
98694999
147995093
147995223
147996027
148413762
153853877
184693950
245102377
257291047
263910435
259007361
259505759
645338534
963776372
963792478
963816392
6351427
6437472
91042953
246400686
246400740
249538718
249538734
267632120
267632134
372815902
384770348
384770756
384770935
384770952
680085609
407101366
407121017
10921294
836866557
1037922044
69264264
783559237
1060253180
1061415511
1064867728
75593732
121815771
200761882
469393423
469394305
469399591
360375089
469398987
469399436
453125240
407313690
1054928262
667939831
366181705
366182876
1197972946
1236808446
1236808466
859645
491769413
229538144
110553304
118612395
128203671
214043800
265019428
732942589
46905495
60561177
60561258
60561401
60896000
74981501
91175521
294046053
294069196
1238802212
32406354
32406774
32429317
32429507
32429650
49035023
49037658
74378319
74378409
74946246
83678158
98646300
186858073
247273933
378599576
378607656
905998565
963894967
150939635
452953878
185757460
347499627
307285454
307504216
307729553
307730451
307730491
313488471
313697835
317602334
317633674
433186746
452405767
675770283
112289800
351236063
533579034
1237028552
130441447
525458565
431326902
694388085
1236713062
1236713522
1236713613
1236713660
1236747030
1236747337
1237028085
1237058617
1237219127
431329727
407313227
364831318
783623036
16071923
30182204
745952076
68268402
533583976
318463948
353502561
353502904
366183312
366281711
514071081
514080280
540124906
540276379
1016730057
1016731999
1016754429
959233509
68027072
68027265
27458679
246342883
586174539
708990406
144227729
148697072
438898229
439099102
259738977
52155066
438898659
439099537
41413511
45393693
172904681
1236373171
1237136161
1237382275
1238052057
934476665
934494369
2544862
680593119
680659669
680659725
680660288
1265554981
691211051
408003930
661385330
1093088
16295750
436801828
436802031
841978815
1213969141
1213974908
17215390
92080891
381875724
387138405
387166394
1130109714
1132573690
115845581
115845891
53081505
195113146
280904139
301134592
661100596
725418585
828078928
3241377
465808575
163121337
163121581
168097764
601209909
85311124
219464306
301134624
77752479
159197454
16921215
18744617
84128659
479953556
75288071
1266676997
593184326
758848706
1188660161
17579314
260120490
8235056
16640595
245017970
258112927
258112939
579807954
49123716
1144085790
1156526737
1317600609
1317600658
292246521
841356373
841978839
416964981
2400211
34026
857332
17006595
32862263
32862303
133323667
156913165
246393776
267129823
417424855
436422895
17706825
21327712
1293023952
1293023998
1293024118
412438283
9189326
1160885505
4833255
597884371
13452253
16491328
477174207
477174664
1089358180
49449025
1051713697
559665191
664566071
600101652
683892936
684949551
336785882
1141333811
687034406
715448875
1165783826
1165784751
209062509
216263682
298278791
312206762
319131435
322328440
506899627
686283534
506502994
506735431
506757158
353377883
355072032
367149641
433442913
538566526
1036967626
1150056784
1043885939
1043886169
9054959
77176139
92600714
94841097
174468099
174468197
202204507
235746683
1304071914
90427558
1021417177
515055337
515055759
567200722
12198164
440057146
447341630
416001879
438899042
439099981
417611832
474947861
478314845
645959006
578599071
515048592
515058441
894992530
783576184
1151326111
93435786
1024064482
6041826
10161173
371736838
324288329
32731484
33885004
228330466
963452399
30640876
58849062
58849206
59009692
194746584
204283889
204301929
204372569
207208045
224350875
224378145
266163210
266344747
448133218
17363442
40717090
183580090
201568480
202877130
207931778
207932449
234753317
1159473671
101790245
167132755
196052105
1320407626
1320408675
1320408971
28641174
29891386
80301989
80303419
81595441
192803550
192806733
82465770
93399582
93452497
275470181
569548573
67332345
1125578986
687037095
6724105
16842407
388990968
628212554
628219758
628328719
628329558
628335249
628335858
628336815
628337693
628338073
628338820
628339144
628339508
628339841
628379508
628446093
687034503
1096652689
1313098204
1313098365
1313098533
1313098573
1313098596
1321275900
1322523454
1322605927
6633413
62935598
139058223
92867772
26790718
400081637
1169768067
17561422
35709626
37687760
160403805
414058540
447275615
448136763
961583657
961771719
982506182
190673487
28385750
246387150
407356278
961702520
965466431
965466526
967890418
1094893959
1094894387
1141334167
425455764
1100185483
416326850
645338519
79922373
79922508
79924365
79924576
443616995
1192927018
1097646598
1281089869
79112998
95427310
111821715
165035505
237398674
245126466
319815417
36728653
45981117
45981622
48929123
93299348
413265803
108636434
240061050
593147161
607853914
613397445
613402061
667787048
43754119
70354293
70454046
233483623
249884570
234658762
234698580
250265974
72130318
2388343
16231820
81834042
81849523
115181483
194679551
322566595
322566675
530989626
544080624
628149364
752245025
272570570
152648061
412103980
407356469
202107429
332023773
660384050
694423317
1192980637
301216660
248342736
636203254
5334884
1264405059
634188228
965509485
965556014
374836710
673948481
820172536
287680281
9460930
9689533
650475119
741487227
741487507
89080484
268420536
299301787
93661258
509426879
509511392
104064657
178273819
801164078
445841959
599404890
1624819
85357128
85357233
85368455
103287313
111972574
111972776
346372077
185452784
1235782272
1244754344
1244872785
1246077914
1246245938
1255201950
728057828
17027595
60386823
126210449
595005063
595005203
818880500
783564725
783564764
1302504968
1302505027
1302505049
783565031
838367297
442194895
442224884
479942291
479942432
479942635
103210065
362569528
362569665
436620587
436635121
609779757
614114003
561532355
989803947
2855222
74341584
105853903
326167531
492644966
492645922
492773899
15004510
864901912
598147684
667803983
784632648
978598478
196117117
930477056
156761444
820116447
165101
15899574
179568214
297700879
161664
166420
15899597
179568473
298116974
154512741
154512841
154682488
154682859
154778829
131575375
183973826
267048588
211350236
225535110
101476584
117525514
117525834
565679530
565680197
126911807
127034317
133963910
286544709
16343905
161015054
500386184
182819389
908301626
209709249
209709487
647569080
195415709
195132632
256023633
334268004
334363030
830991183
1117378773
109990177
81813928
42846763
1181295
359255330
2593157
761073189
228474941
228487085
266457759
106223602
106223674
165049
118600658
3438418
156710
164119
388974500
885471626
1081098565
1081103206
439202776
442478300
625184356
625185227
1322002433
766983063
135425624
1211620121
198441190
671109541
728058967
1399655
16181716
31002385
34880648
41351443
155335331
156173414
238925766
343654920
400568274
429520492
446749762
1055682823
668924568
1036394981
669975053
669975064
8566876
235665909
401624393
401625390
597388844
597393566
597394279
597425952
597434389
597435557
1320410013
1320409814
88432305
247987790
324809935
324810034
645295266
17116004
59772264
8123577
11191534
279159901
296903549
420830891
475635497
554656237
691356232
980649846
1055534073
1083459921
1262756537
719086987
719599569
719599619
828078899
17661719
526149094
528666623
659025338
1111656333
1111656337
1111656340
39531211
70605298
117661322
147010352
318273077
366235489
366284485
784631322
830029563
999177698
125299488
126169831
159185094
159185358
159323651
159991326
164312622
164312983
164634894
164634941
164635053
164635106
168762850
168893047
168893605
169094791
169095653
169095712
171879870
172430892
172430943
172431030
172432180
172433010
172474702
172666709
175741652
175741882
175951992
175953180
175953347
175953418
175953685
175953800
175953999
175954572
175955422
175966173
175966348
175966490
175966593
176738294
176739953
176740051
178058186
178059662
178438133
180123763
180126956
180127116
180128905
180134114
180136192
180136324
180136601
180136930
180137213
180137268
180217859
213883507
424147894
482284163
358283361
18426914
34739588
35414797
62038290
62038348
129585209
132492185
383093481
383480078
383814089
383819559
1331687048
222101982
240855356
248230433
248702408
248810293
252696435
6311168
8625981
231124564
231124567
108709424
247762676
247764751
361373960
692862783
1122228589
1320410310
144680844
879260409
1005471120
1005559876
963781765
963781983
5884880
144823814
165955686
5410621
783567850
783568057
799089235
1029237522
1029240524
1023303768
199779012
203492878
203944817
252184535
105614468
261159962
15907731
103513884
153833408
153833744
676129281
963625210
83872030
86263135
261160095
297904991
371625035
427570770
105613761
659914637
664565501
666933435
704506849
105607836
127425026
187126936
482646223
726090773
497035193
105618174
495798139
495798337
495798492
611269683
679150964
679151300
680449165
928740970
1223937438
84461497
220553152
261301806
269505026
1223148322
584667378
317837598
105614802
18385151
62574798
96998754
597340592
597340866
597340907
597449226
215149536
215467826
124330299
163267954
163832684
164232728
105608980
127424768
198564648
39199985
39200063
39200328
12232912
13486426
289337885
289338456
20322227
68806595
77701930
79027534
89528840
98152992
103327201
104083056
104302736
17702324
280840281
367292039
748963026
72134449
72134541
154669630
547375114
898904869
1020505721
1020505858
1033794778
1045352219
1045352245
1045352314
1116982017
1138956949
83038910
728057273
32205426
45657321
210531905
296645314
619177434
93665716
243330403
248103904
638263171
38891132
17486968
948624585
952407502
48118836
104322453
104322637
104322985
865763742
880314324
880336131
922436769
966615609
35566924
35575628
35576520
35598382
35599634
89497390
119868896
119918424
129865481
163361728
184712290
469779459
860026334
955458408
1157847610
9491001
15204235
15207384
2436274
303441422
591420170
212101099
212101323
220069512
380843271
390269724
390288374
419793813
419794127
419794876
835956571
718001387
863196334
912895711
912904593
972177287
972180097
1034191496
1156080454
1235227782
718000888
790379800
966583569
1034191487
1106155384
1136034869
1150240503
1152153405
360238580
851363751
1179907151
1213888335
1306910723
1896503
16240666
21580826
36129131
36164446
36164552
1058842694
42296857
199931072
452953781
36479091
434762813
46642936
46643136
47623757
1749628
616280
1597656
3735925
11028660
15312116
17265912
18900520
21331826
23905414
112177425
158731415
241935857
358715444
783574435
783574887
864493986
864506646
1269272575
1269272944
1269272965
1269272988
783574496
993420079
993834504
994007484
783574245
1168728468
1269257714
1269257755
407356922
1269273591
1269273618
512074783
512075620
493284486
498142221
498187797
498187900
512171373
526371585
596682119
1141333954
266547838
266999202
267398733
652962885
652968490
678282863
1033849147
1121530983
929683346
63379437
233428152
233428472
233428565
233428815
233429128
233429533
233430040
233473530
233855040
233855198
234124337
234124552
234124593
234314188
234373255
245276838
727222549
50293668
27513304
27523853
155012890
155013203
155013886
155013981
902792137
498785915
782882528
193853988
439765402
11694508
11779087
91635238
92867822
95169845
210249360
277456933
277507875
188786945
325281554
984689308
127677549
1381552
5625122
5625127
16742279
255893289
360619116
361797576
456865213
456865393
523046559
1000620865
1179785023
97283830
1141333487
1122213268
468904669
469070334
469070460
469070972
469071309
469071657
469072256
470227621
470227683
470228353
470229484
470230536
470231295
470231626
470233171
471087799
471087956
471178821
472259900
472260171
472260407
472267748
472411967
472569859
472569969
472570039
472570207
472571649
472571733
656390073
656390192
3495837
251857878
293223163
739879931
60222363
666725543
986099173
1322835488
65453783
65454790
127377793
127419758
130705124
130715788
130716128
130717421
130728649
130737626
130738648
130754226
130775698
130970487
131122402
131124258
131124650
131124866
131163787
131164761
131165227
131219777
131220058
131220392
131291166
131443011
666196612
666200738
674832009
674832041
675563326
725029612
725029643
95869883
91109812
78498367
318273309
366235390
366284397
422745515
422755940
784631234
830029651
938176823
938176851
938176926
938176981
938176998
938177015
938177235
938178401
962731074
74833765
75501711
614517973
106526317
318346311
366235855
366284765
781769995
83236650
366974693
500822420
111895594
419192475
696584690
1191807004
1191807144
1192219358
1193713266
280816596
1168711432
1246250053
774610058
254032764
436401632
847979485
847979855
847980321
847980562
849368720
849717548
505012334
4711442
55380029
59791123
212067589
278008697
671101402
674794568
674821608
717387081
728227136
749366107
965697145
99509503
17573946
388359794
532621514
533156411
968867277
303767064
3323042
3554273
15911271
18867623
18867713
18972482
18972560
18972639
19296550
89198364
101186658
167695371
220329116
245530918
95431304
95431450
162728570
162751644
162752678
162753559
162755041
162755279
162755981
162756268
162757973
163073485
163075442
163401388
163514611
163571808
163710410
163753588
1087896014
345803831
345824152
16788746
247741533
247741672
247744986
267008094
12174641
193061280
114803448
128621165
39290818
110618421
257745313
543555170
107320286
131681460
146290059
70344265
70345484
70345626
70346199
39291399
103443024
39290690
45010513
45290655
210984234
80904985
246815835
1114623496
1114964896
74825381
17252215
499510179
783565542
71200404
783565571
190140287
190383571
191433913
191440289
191440429
275646649
275865041
275865218
389609858
224484308
224485682
600976092
552381625
158939282
422842738
633758411
266850316
266879384
266879476
266880175
266880248
266903433
266935699
266942005
266943355
266943609
266999019
267001111
267005861
424681931
28579062
7239358
24948292
26628023
28735041
235320485
1322836643
19393012
53913904
110553897
116383196
116383239
665147906
665200178
83009757
127127085
140655597
159438036
159681255
163726136
163736826
394405063
398464029
559321615
4460951
53333597
53333898
53334124
186929749
224387060
245239547
245239674
245239823
245239973
502502634
502509975
391055483
501569386
1252781524
1252852477
1291003951
1295741379
1312575782
1312653678
1313499523
9537603
17115569
18109082
57514939
126083005
133400907
284895443
492159617
16809232
24937828
34982631
191860438
889059904
892922930
892966877
13292509
110495405
110495621
110495840
110496102
110496333
110496978
579767166
579767219
16865669
492456717
654727513
731212752
352754018
415647101
110470466
14019898
75131429
134118027
63912791
4470769
766313992
766314277
766314976
1100985827
531145269
531263298
531374878
214141936
401797448
889434790
892865879
893060176
893220768
893342317
893384818
893405509
894115917
50017858
246388607
249824252
404195749
408757451
409404714
409417883
751545249
751545303
765050395
765756435
118483294
537665977
3836934
1121447356
1121456129
1138536810
1227458283
79356312
238713484
264946124
359169556
1156837054
316083755
255576758
255576858
70890198
387914271
462367785
40747834
40748089
40759465
40877239
812087917
533601831
407358260
492693279
1296682787
1297274287
1297274385
1297274411
1297285074
1318998320
1318998815
1318998885
1318998932
60523605
41043495
116744565
116750976
127424918
156707105
156763453
156915229
164442535
164919384
180875609
200756353
237890018
268900778
407379398
640370988
768893523
768895020
768896108
1298893972
1298894018
308161
824920172
78921090
737228643
737229058
737353910
739699259
785519911
1019178269
223383956
769340346
798333885
634276714
672182442
672533729
1119400052
167258426
2968896
3088505
16066611
133999110
107965495
95868465
1046800840
16242002
191556849
191557589
514594604
188779288
672526373
672526395
215411837
85963456
269326117
26244253
3564630
152201243
327799039
388489345
453028322
1148013893
17321261
111548698
5964512
5964547
1201832311
1151090701
1151248995
387398194
387409798
470070005
34259038
203186232
412587391
123045000
197268530
1201835912
687037475
711276902
759180212
1045827121
2677490
1089591138
452751590
531532986
531534460
16334309
654019386
201927052
400981
14020450
18508440
18508485
18515021
67716641
117699080
117699180
143827058
284025768
284026228
296405898
366303243
1113021035
1228961599
1293893758
445931534
549708562
1001434173
889061373
444129580
28232024
388990709
437484394
44841495
515359118
428113561
428246631
94244058
104789437
104789477
216889353
301680760
609723361
457672016
956874701
956875284
956875760
158939395
422844248
668325029
1006569903
40601544
971570918
431770753
440510519
441090686
425364303
428098059
17376963
165367974
165410105
1168883658
112606887
22090661
22090729
80767234
16790568
8939289
680593089
680596801
680596819
680596937
680659366
680659403
680659439
680659464
680659573
680681741
680682070
680682270
680682377
680682662
45997507
253377390
318286175
361298069
366235049
366283817
401904734
487574010
1322836739
507400518
317304265
317327211
19460471
10194055
155950914
106608701
366278665
438281486
663726298
1041157624
676126735
3090100
919142401
171883367
28121191
135072706
135072787
142436737
725229086
728987455
751347749
751958434
751966047
13033346
775306159
963547106
963550291
963550296
963551167
1118122284
1120791059
1120858001
1126203708
1127060755
1174009109
1174009110
1174031260
1174670930
1262084177
16640828
72360193
72360706
72567019
72568136
72570921
72791640
72992200
72994229
73009455
73190341
73376134
73721410
73721742
73732840
73915959
73918162
73918460
73919757
75468772
78336066
78336702
105296985
926539260
926541191
926541263
190373869
419892971
664407579
664409806
669467781
62397789
91036997
122063024
122063820
122064013
266673317
280591108
281045837
322145780
436479954
275393255
683749933
683757425
1201833782
21157734
368953809
178344622
93888944
1298244396
1039807532
347300472
82005027
635664406
640775851
371013553
371013808
426336441
788009185
788009611
788010769
788018761
416712470
446114165
833288715
1127366799
1138845867
1153216258
1161324206
447735183
503489552
43304011
43304040
46742434
47440078
48780477
152362247
153370153
153400961
153401015
153951056
154324995
154973472
154973736
156246358
156517840
156518027
170900418
279540058
877369926
877389368
161082345
1247722802
1247722879
366186314
965747809
1256696074
1197318136
1199857301
1199860169
289380045
497155540
1224093342
130503167
304837416
922911399
922998391
924202172
933002113
933002297
1319147948
265686209
1193300778
1193300840
22524666
44751909
324291027
324313718
344697355
663671578
787845091
176979160
177026129
179428035
182283597
182283798
183112384
432067855
1197973157
878859649
879199700
899634888
904075787
291973662
366745219
1251100241
1048016886
672654164
626839751
626839954
400120126
402961219
626839912
1097088396
1097088576
1097088740
1097089031
1097089126
36395787
324446971
335271231
338051273
339511469
397916339
398012816
401916413
403697330
406952025
406982304
588662998
589320510
677670495
677671452
1160470292
1130782354
1259132392
1259132423
1259132466
42736970
1214400562
1214400848
291650880
347519347
347519460
347519774
426573153
426600748
3108754
3154095
8444942
13410572
16415383
33878496
51072651
52102082
52593278
60198953
60381938
443802754
803082960
36827094
911747347
19314261
1163918360
987289707
1023483787
1313250421
90346230
90346287
90346366
90346407
501756603
519797914
778241934
438899190
438899526
439047751
63572051
17305264
32216058
223384346
1300454525
4399894
297612898
427773799
427774343
431202943
2670206
648546512
298188576
41076610
72309857
156426140
156459234
213883180
764735645
318454058
320344844
320797353
120593967
289140354
140342776
241325339
564139820
15003363
688849501
688849834
690936632
692572607
693589181
693589256
699610557
701054486
706230932
706727904
706728220
706728469
706728567
707101723
708772076
709130731
709130788
709979969
710158600
710486227
711383282
711534879
711535283
711538125
711836675
714035915
719338834
719339583
139635011
598386014
650127088
15017566
963278328
963316414
963524423
301687377
302011437
613156895
671110112
1323159032
1323159249
437484372
437564673
804854431
24117328
70367342
18694928
18695117
62741515
197084698
197084765
59408760
72712605
95367033
116503160
148349415
922391989
1087336
5847225
53014968
53016842
167299076
282066409
283097795
283141624
284574017
285197470
285210753
25434456
25470510
25479411
28395999
28488097
28488122
86834146
87016712
209219841
209232206
89385618
616182436
677752144
102194968
108115379
290885674
582914524
589010058
12264259
15761314
15768518
17012371
416181437
416188212
416355176
1330525926
1330525977
1330526303
1330526505
1330438595
1330438613
1330438672
1330523720
1330524064
1330524761
407224253
923136112
923455113
924408474
394454841
394589567
402169471
552533809
62547517
1229827323
16417906
249993729
374879759
374882492
374883005
375356804
375357914
375358926
375360107
375360194
375360471
375500207
376711324
376713184
9768453
422528004
132024632
16209002
654569889
1175270270
1175287191
94639560
1146272356
1146288311
1146288433
16077602
26385051
33091305
17246943
17792973
217094643
239987117
239987172
246064447
246064663
246064801
387465383
401911840
427283251
603610885
765329275
894511869
30640686
99572999
10177891
876479961
876480018
876480620
72256411
275845996
275846043
280020712
280020872
258896867
167705110
167705381
115512414
35002622
12190873
139865164
143342186
244616390
1218276565
1247758120
1247775498
16415380
75219269
75222622
79517531
155250691
304271484
313512011
313512035
1237564916
226894520
60671766
197680920
198695123
366777210
1697774
4370593
117931159
255301060
258465077
47512556
47729794
183740909
19309910
16434322
38053275
38055215
38055574
16191282
18756666
1218005516
16886897
17089667
258813451
22125080
22239235
366337432
1058406404
1058407180
1296767987
1296768008
1319168794
217721533
426587718
6675804
2451377
82747704
666724868
97806324
1098667187
142375453
140636087
1662710
4093143
104102942
273706167
273738711
273742582
273930460
274141448
274474053
274474681
274475339
274582124
274582216
275087247
275087382
275087510
275087928
275412739
275455609
275708066
275727459
275746733
275873572
275873797
276373091
276373930
276386199
276416624
277526306
277528314
277539321
277592749
277592794
277804936
277959512
278113640
278113743
278273878
278514507
278698798
278866056
279654673
279654816
279690384
279690520
279690595
279692500
279702106
281307278
281307717
281833542
281837786
282019961
282020470
282929265
282929292
282929315
282929336
282947202
283727796
283727957
284066547
284067288
284068820
284099798
284498604
284498760
285340395
285723462
285730351
285768941
285769097
285769454
285769760
285801621
286052575
286191346
286361090
286505374
286505786
286516249
287397471
287397535
287524269
287525066
287525554
287765229
287775669
287827498
288065420
288065447
288158544
288429225
288429414
288430094
288430175
288430262
288430399
288430694
288430836
288431026
288431118
1181025836
1181339235
1186463125
1093398344
572720934
16474018
113254731
120813066
121990664
126298711
126299419
139838015
159506328
191625095
198448067
200756480
240763030
246389925
272646387
328174772
328174786
328174825
328174831
330755848
330779608
337355128
337387225
337732603
337732931
337733027
1211030096
1211030084
1211030056
3751990
16452119
46803896
16886888
505193001
886771782
926472739
926472806
1042946861
1043551983
665861100
665888996
861493803
1087515806
1171194561
252300333
284195428
344959139
334476920
429508107
443811936
22627806
69960273
559392490
927923233
974515878
570381538
591199412
670871056
732842385
496063340
409293311
281344351
1185053363
1185662433
138813790
172823315
159888916
159935726
160158891
160161160
160164866
160164932
160360628
160361000
160361035
160362026
160363084
160412719
160412860
160543769
160666504
160801834
264159350
1322836931
222615354
223951856
244294014
50054136
51050180
60000716
60001921
76856674
81405720
81409301
81579474
81585993
81622948
82793912
82860462
85664338
86103967
86104715
86543689
90970911
90972830
91006904
91009416
91029911
1185048570
129361491
16452422
352183896
352205196
484952831
485414124
437482222
350611062
281292231
667101559
667101592
667680000
669852710
669893330
98483873
70885324
70885503
6597097
522218137
783572948
783572796
16173621
15916018
139270161
402923402
420736391
421927432
59638168
18298664
239191515
239191887
239191965
612661324
309332334
878857716
879201523
60003351
1211621498
169161438
250630533
19309146
426208902
559029023
633140204
977546616
318285676
362203054
366234533
366283366
775276239
944416385
75539386
75539397
75539742
75539927
75540245
75540503
75540747
75540911
75541248
75541302
75541355
75541789
75541993
16957738
1207265073
1254138516
1023973465
1036101367
403008508
1201833365
12941799
8065743
269681166
118689157
130990080
130990153
130990345
130991028
130991155
228583007
228583047
119200992
119222468
394374581
1043705420
1043845726
439935228
874449278
62349247
62349344
7690018
210465140
231878339
383784538
383808669
388138921
29470919
136520902
455433690
455436597
455437109
455577320
455578001
455578029
455578287
455578980
455596153
604530500
27534196
89120404
90551001
100682805
100683180
100709735
100709874
100732549
111542846
112951969
164830315
167834005
225642145
265967036
428284766
28943119
87038641
98520378
1275381467
634167585
125740793
659914643
664565505
1054458171
17025245
181502693
277914384
221018951
23926947
58237912
123245405
128207314
1033811440
81043195
119880330
189876594
341150423
17175391
205410754
16927491
114964858
115866201
728056784
154454209
106080457
106080830
106212885
237542120
237545423
238701503
238712431
15573452
16412920
17116001
380373331
264117297
271711567
919138315
14949090
17172493
718287928
189100324
189100962
189191075
320448063
603821519
603843432
603846800
830813812
752343769
1320408080
484360508
484393467
484397638
484399166
646474921
646951440
3735581
6427290
35751903
47546252
272784235
272785430
272820453
273095714
276448828
276448918
276449007
277383046
277402559
277777826
323145746
1269285964
1269286007
1269286081
1269286103
1269286345
16124091
30317602
389886366
454182197
878517387
600296990
272213535
404270210
1124812059
16274852
265609064
91219930
133762083
178816400
219381480
253201436
659007835
1201833125
365403408
448392065
573011315
324031191
344620844
355996711
7626810
296578916
577243109
16177401
225217686
1001594380
5575130
6825383
115555485
25997887
41043597
134817497
200756617
375762958
492382901
492383019
746899679
746899762
669489414
669597270
602672399
608573598
953242728
1008575815
1301455423
947092906
1053865908
1077844898
736434844
736434950
663725469
708003461
830702994
972131091
160247257
160247287
178554109
298547387
153930777
430758600
17623564
17628951
878529141
878795870
65867556
976152843
1019521094
1113131522
1127739394
1175270325
95612810
274434066
8182188
8393807
152142647
166690179
20615775
52990870
53574531
106410840
693981773
9320769
261615655
238491132
645464
645515
654046
654060
654061
33887182
663726311
1192064229
1192073743
1192163184
1192228403
541779
542023
542040
6949248
200906041
201890674
201890865
201890990
201978405
201978483
202637880
202764083
202764133
202874755
203036868
203080849
203083613
203090520
426304436
98987581
136129289
246407734
246531120
333694489
797504874
1310213945
107941671
366741102
43645940
83036419
111849704
111850082
111850375
111850933
111851174
254943662
8616495
783565982
691704425
695801314
695805053
1181301
1181315
2486296
3567424
166363134
261942202
261948935
261958573
261992523
678729169
260715003
265597097
409831684
409846315
410257484
410259194
16213698
187669753
187677565
13156248
249446006
249616553
249620589
249622685
447207676
566341517
980924403
981223678
647476359
1207646889
1207648609
414138016
2666521
2950932
5452855
513731401
1322837174
4209030
16552388
2241006
3207695
158592519
158593303
158610945
16414769
23284387
16361527
1197098027
1210979103
1289495695
1289495795
222615842
753181570
17525624
18766324
53557548
216484343
426210452
1313284067
121809770
121895690
1042535600
1194611458
196744457
1112686604
1322837250
1322837261
960333556
986732175
663578115
686446363
1299774316
446100599
4937036
150714921
150804614
150972038
150998679
150998922
150999283
151141693
151142149
151142745
151228834
151399398
151709323
151709439
151820727
152220074
152221056
152557446
152557895
152557993
153502616
153503140
153503261
154628262
820206718
12210667
977814341
1314696878
1314697927
1315477570
1325855082
1325864435
827537292
755849611
789543017
839530463
841673666
758415240
758415614
851300972
663725473
708003469
830703799
457958269
496938925
80214008
156215647
216998655
217056544
220320793
287084461
300991308
301038422
372730118
378668280
75412815
190610847
672117742
672482472
672482849
861823231
866762856
669975022
1185989967
1185990011
1185990037
1185990041
1185990063
865763732
880314328
880336117
922320308
922436962
937726005
937726030
1036394908
1052423799
1052423820
1052495929
1172800246
1185990857
1185990893
1185990997
1185991000
1185991024
1185990222
1185990262
1185990277
1185990281
1185990315
260712824
261690621
1186896040
1186896038
825586471
836701541
976155025
1007891893
1052423562
1052423581
1052495973
1063882915
1186406726
1244463845
1244545122
260917547
601020356
1081019449
1081392203
1124571678
1124601972
260915555
825586656
836685096
1007893223
1185841651
1185841688
1185841986
1185842073
1185989219
1185989468
1185989470
1185989527
1185992620
1185992640
1185993140
1185993142
1185993167
1187917833
142008815
142008942
142009015
1189781198
1218498308
117402878
824927596
783571014
783570334
220300911
220324302
287085101
300991480
301038592
1138428007
1231847903
572193137
775209877
799126797
801101596
801144396
801149343
804546769
1273666
202865087
332557734
332557862
543616136
601559185
995946710
128732450
212244655
1161065815
1161073428
1161195443
1264756837
603741904
1264721449
1028078856
858746447
858847283
863664779
883870738
71729069
643481245
308658923
308663440
336587523
90196442
153916570
245790728
255887353
255893153
666947971
104884399
173305442
17122627
32062175
17408455
1728327
1728330
3393654
3428553
959761806
1048318515
1052686867
1052686987
1052687410
336169570
445085173
456408101
385304263
386097286
851730826
482879027
784394598
1166801312
1167789641
1171052293
515425689
865857764
948844174
948846416
948916922
949021727
415844846
29583449
29583767
31972651
30706261
54710201
1315301194
741173204
741222128
1278255931
51210587
81293563
238156715
238156929
238157409
238157576
238159549
205676976
17067598
15954024
1725880
67205192
1320408338
433188006
433338441
617715967
918822743
975065117
975065171
985930731
1171636083
1203704144
1231565554
1231566019
1241013985
783573158
985930917
1171635998
1203704204
17630099
461844392
855218145
858985319
859218967
859624211
859624674
859628014
859635472
859635716
861737735
870043456
871606973
872105175
874049623
874982279
876022106
876023570
876027429
876027512
876317072
876360591
876621248
877631593
877631989
883774564
884842013
884851488
891527806
891529362
894568397
896402982
897655347
897655416
897655495
897655653
897655708
901700574
902670132
904338809
904339958
905290939
905291003
906671862
907278587
907278862
907278931
907412967
907423124
907443878
907443918
907444135
907444364
907867028
907867834
908098749
908099196
908102767
908103635
908104151
908106844
908107450
908107583
908107908
908107955
908108404
908108455
908108515
908108629
908108919
908108937
908108958
908108990
908109015
908109039
908109277
908109305
908109335
908109352
908109443
908109475
908109507
908109517
908109535
908109555
908109601
908109619
908109637
908109650
908109675
908109684
908109703
908109712
908109731
908109751
908109773
908109782
908109801
908109827
908109848
908109876
908109895
908109909
908109935
908109950
908109965
908109972
908109990
908110011
908110029
908110049
908110074
908110102
908110123
908110142
908110166
908110206
908110219
908110254
908110271
908110286
908110310
908110328
908110367
908110374
908110389
908110411
908110470
908110489
908110509
908110528
908110556
908110583
908110627
908110643
908110661
908110675
908110701
908110715
908110737
908110745
908111585
908121952
908124801
908124864
908301022
908302934
908316231
908320607
908466228
909313091
911865621
911865889
912080767
912154035
913325974
914426823
914445169
916950256
917680533
920697391
921470614
922478898
922479995
922480031
922481470
922485084
922489753
922495261
922496829
922614085
922614130
922614272
922614510
922614695
922615733
922616002
922616028
922616235
922619245
922619541
922619957
922620202
922621607
922622377
922622607
922623069
922623155
922623436
922623578
922623658
922623808
922627679
922627788
922628294
922634963
922635036
922647595
922652071
922652919
922655162
922655702
340113680
89099821
138474688
1024064529
714926761
1112682812
1120671669
257629472
258378177
258801694
258801900
259097959
259098371
259098385
259098479
259098508
259098517
259098646
259098659
259098747
259098914
259098922
259099225
259100060
261363527
882584737
882585051
935145656
964838156
1122653071
1273086383
860298067
869944013
869944121
869947367
1307429165
72182057
6465497
6597107
26599794
26599820
98035839
380416050
380439544
380439864
32603521
51323514
51351839
706866741
32462066
32920851
1166937495
14118816
698538332
1151772877
961052177
1078207350
1199732674
318744740
318744772
318962443
320731152
321651918
322244639
324374688
16842912
187249564
221232690
545242739
753916121
829153120
166973249
140231746
144450158
144792066
397986599
2890390
20840729
864935252
1263596377
17032890
91139816
128422814
1190569921
866764048
532748280
192624720
194889965
532547
540962
15950356
20960769
51591330
158704051
203150740
244269315
249309492
346400048
346401503
453602646
912166804
1274496824
36335203
112076847
147852935
147853634
92867886
174267359
374678387
708534942
3564480
305082879
783564614
519526984
1060887
1291330
16157326
243666332
458651248
380373733
1192753701
1192754015
1192927877
942805971
942806081
942806997
1329582516
728057082
17249613
579192334
606374851
445495363
3380552
85409321
85409363
99934840
17426824
17021967
376420806
584328677
729048544
956726932
956730975
1151642321
1175167107
1175270235
132636962
135834775
154351628
167382890
359667018
387073237
554662198
691356215
24863046
475413460
554662260
691356242
980649889
1083610030
92558439
476895165
1062305453
1255110913
84207681
117218954
117219041
143511313
145221487
152893378
152957854
153013579
153014544
153687201
158466432
162000891
321890451
64731741
169096251
171555174
171555439
171555748
208386814
212763370
212773906
329035738
58351650
58521342
19309174
161167256
173289917
783573901
17594859
23772028
43637625
127974359
218534479
374187249
7811250
1297812693
1201834870
788447548
1252799502
83723310
13837214
16991316
69960451
34741965
77463616
579808007
62742576
3087795
393292935
240849573
240849606
245485334
281856495
326167312
341287293
393293114
1269288149
1269288181
1269288198
413939816
417115770
417329993
417360550
590729976
1269287566
1269287591
1269287744
1269278461
1269278477
1269278882
1269279012
963278118
16088535
91893149
159663309
159663503
159663580
259214826
259342473
1265835687
80210973
74199831
99893669
156715607
180421318
246534087
333697789
689564961
743476395
689388266
861189221
861189365
861339373
33724741
33724821
855380231
46074582
46075136
291768049
292217765
292217804
142224155
64478621
439437213
729533
407130484
408948224
408948421
409338289
410672599
411959959
414730114
415171445
419407314
162172100
298020610
569858935
16697856
107260430
126708654
126708873
16790925
3590292
240984751
268172496
424300394
937151294
598147688
667804195
7622788
663726329
480318482
503429976
731781615
765918200
765918322
250880069
253366293
1500592
2176397
887524694
1285679886
1287345791
1291793845
1294668129
1294668151
46234150
17537254
93476966
211153360
65242665
618260522
618260634
618261335
39163004
1312002647
433073005
521711010
1309759562
16877817
229636558
414010724
17367784
142083610
142084387
142085373
142085484
822314646
655554343
1292188271
38430319
806662880
39165291
16124332
249087786
59638440
810098407
810098960
823500407
823500663
728056304
593840176
173544707
251331438
251534759
397513483
1292271662
973663768
190383973
1108265943
17699071
347158424
573425183
573425573
592880290
999203454
806932406
783575631
1269252424
1269257838
783575177
411172474
1269253172
1269257811
1163394053
1163398157
143086532
16274910
2408826
1184564062
2764022
69326328
474870761
474870809
762131468
1073778223
1073923586
1073923909
783572560
580928659
830532614
1010320085
783572258
830897894
635546490
61475711
1211622135
81111340
104321536
3191123
142977539
354687451
783577303
56522941
415362552
470731488
784091721
58739966
246148490
273980245
1269336885
9474619
9477223
278040631
219145443
2770338
5003762
5113919
543130062
25338461
25422048
25497250
88839047
101407040
149391509
149392805
149392834
150128177
150232797
150237304
150406364
150407539
150412068
150447905
150449778
150785210
150786454
150789397
150795709
150796500
150797080
150798027
150811850
150813924
150927818
154807395
154808986
588381196
1129499024
33152326
737612496
1112826512
1159017055
142813372
105036595
269514544
284832051
362492044
429295392
704505723
12070740
1021252587
1021380906
351236265
533578827
119434392
34365317
53276779
55688093
366775610
26966243
52353148
58221635
58223014
308151110
824920213
413229714
476050954
96535757
127425162
152130874
152151962
466146390
569169972
661415357
1264948961
754123105
873287679
1071498551
107717013
259709336
260037616
969311179
449322454
48282358
673948288
1054457864
1196698284
1212130369
1278580084
1285509175
1016618
13282590
13363513
135544727
268511218
1054457786
1196697366
1196703743
1212130488
1278579944
1294858889
1294859113
1294859119
661212850
878502827
878813797
887629690
1183743756
1105334228
19309938
909843
248570935
985802905
21793259
361634820
361634928
361634992
361662115
361723482
361821008
361950950
362214486
362214655
362214764
362214795
362214966
362215044
362215482
362215917
362216287
362216369
362216445
362216464
362216618
362374574
362392287
362570923
362572075
362768700
362775961
362776145
362776209
362776813
362973182
363236075
363259429
363286191
363391211
363677274
363677402
363677470
364008124
364008197
364009760
364011028
364465986
364466577
364466907
364474660
364593356
364593871
364594355
364990354
366154375
366942203
366955574
366955797
366955926
366956001
366956196
366956841
384207267
384207779
17623705
83431888
350932711
351059496
379503581
379517355
379532798
946550776
16701408
60802658
120053069
25722675
70324916
645338504
303522671
1195941052
1195941516
1195941643
1314943581
228174947
228174967
695704776
900423647
900423293
900439931
913169069
1094397327
890286502
913169226
1094397213
900423160
900439858
890293008
895012166
930569659
930569789
1094397523
246143615
565850434
240627045
246911355
805250988
646613008
646613045
456408060
123891355
518851051
619841515
84304377
84304430
84304572
448749360
450781758
558760183
448748062
450772430
558760167
448748888
450772618
558760055
122050218
416959357
416959436
436664152
688118663
924563499
458585568
519704263
519704391
519704589
519704870
519705387
519734977
519735148
519738205
983468723
67650224
185746623
1149412484
550271762
376677817
827237834
517514197
690381120
941704858
942401282
1100806462
1179954695
1192111332
1192111810
214860277
627858580
106908744
900474584
